120-мм_2С12
ОФ-843Б
Третий
22	1200
79,17
0,115625
1900
1300
78,20
0,13125
1900
1400
77,23
0,15625
1900
1500
76,25
0,184375
1900
1600
75,25
0,203125
1900
1700
74,24
0,21875
1900
1800
73,22
0,2375
1800
1900
72,18
0,25625
1800
2000
71,12
0,2796875
1800
2100
70,05
0,303125
1800
2200
68,55
0,325
1800
2300
67,42
0,346875
1700
2400
66,26
0,36875
1700
2500
65,07
0,3890625
1700
2600
63,43
0,409375
1600
2700
62,13
0,434375
1600
2800
60,35
0,459375
1600
2900
58,47
0,4828125
1500
3000
56,46
0,509375
1400
3100
54,24
0,5390625
1400
3200
51,15
0,571875
1300
3300
45
0,6125
1100
0
0
0
0
0
0
196
10
10
10
10
25
1
1
0,120
16,3
0
0
0
0
0
0
288,9
9,81
29,27
0,00028
0,35
750
0
1
0,780
0,02208
0,8
0,6
2
2,5
0,003
0,872664625997
0,7853981634
7,292e-5
6371000
0,01
0,001
0,001
0,001
