152-לל__23
-540
עמנמי
52	3000
3,55
0,927325
0
3200
4,15
0,9445125
0
3400
4,36
0,96404375
0
3600
4,58
0,98435625
100
3800
5,20
0,99373125
100
4000
5,43
1,0038875
100
4200
6,06
1,0070125
200
4400
6,31
1,02029375
200
4600
6,55
1,01873125
200
4800
7,21
1,0257625
200
5000
7,47
1,027715625
300
5200
8,14
1,03123125
300
5400
8,41
1,03045
300
5600
9,09
1,03123125
400
5800
9,38
1,033184375
400
6000
10,07
1,0320125
400
6200
10,37
1,0320125
500
6400
11,07
1,02966875
500
6600
11,38
1,028496875
600
6800
12,10
1,028496875
600
7000
12,42
1,026153125
700
7200
13,15
1,02498125
700
7400
13,49
1,024590625
800
7600
14,23
1,022246875
900
7800
14,58
1,020684375
900
8000
15,33
1,017559375
1000
8200
16,10
1,0173640625
1100
8400
16,47
1,015215625
1200
8600
17,25
1,0134578125
1200
8800
18,03
1,0101375
1300
9000
18,45
1,0122859375
1400
9200
19,23
1,00623125
1500
9400
20,04
1,003496875
1600
9600
20,46
1,0007625
1700
9800
21,29
0,9978328125
1800
10000
22,14
0,996075
1900
10200
23,00
0,9939265625
2000
10400
23,46
0,99011796875
2100
10600
24,35
0,9880671875
2200
10800
25,25
0,9850765
2300
11000
26,17
0,9823483375
2500
11200
27,11
0,9795653875
2600
11400
28,08
0,9770264375
2700
11600
29,07
0,97394441875
2900
11800
30,10
0,9712956125
3000
12000
31,17
0,9685004625
3200
12200
32,29
0,96521093125
3300
12400
33,48
0,96167101875
3500
12600
35,16
0,957398825
3700
12800
37,00
0,95287015
3900
13000
39,10
0,946534975
4200
13200
43,48
0,9368672875
4800
0
0
0
0
0
0
526
10
10
10
10
25
1
1
0,1524
43,56
0
0
0
0
0
0
288,9
9,81
29,27
0,0003
0,42
750
0,001042
25
0,7
0,11
0,6
0,15
0,4
0,6
0,0018
0,872664625997
0,7853981634
7,292e-5
6371000
0,01
0,0005
0,0005
0,0005
