120-לל_2ׁ12
־װ-843ֱ
״וסעמי
39	2100
79,29
0,5234375
3500
2200
78,57
0,53125
3500
2300
78,25
0,5390625
3500
2400
77,53
0,54375
3500
2500
77,21
0,54765625
3400
2600
76,48
0,5546875
3400
2700
76,15
0,5609375
3400
2800
75,42
0,565625
3400
2900
75,09
0,56875
3400
3000
74,35
0,57421875
3400
3100
74,01
0,578125
3300
3200
73,26
0,584375
3300
3300
72,50
0,5921875
3300
3400
72,14
0,5984375
3300
3500
71,38
0,603125
3300
3600
71,01
0,60859375
3200
3700
70,24
0,6125
3200
3800
69,46
0,6171875
3200
3900
67,07
0,925
3200
4000
68,27
0,62890625
3200
4100
67,46
0,6359375
3100
4200
67,04
0,6421875
3100
4300
66,21
0,6484375
3100
4400
65,37
0,6546875
3000
4500
64,52
0,66015625
3000
4600
64,05
0,6671875
3000
4700
63,16
0,67421875
2900
4800
62,26
0,68046875
2900
4900
61,33
0,687890625
2900
5000
60,38
0,694921875
2800
5100
59,40
0,70234375
2800
5200
58,38
0,71015625
2700
5300
57,32
0,71875
2700
5400
56,21
0,7265625
2600
5500
55,02
0,7359375
2500
5600
53,33
0,746875
2400
5700
51,50
0,757421875
2400
5800
49,39
0,770703125
2200
5900
46,53
0,77578125
2000
0
0
0
0
0
0
277
10
10
10
10
25
1
1
0,120
16,3
0
0
0
0
0
0
288,9
9,81
29,27
0,00028
0,35
750
0
1
0,780
0,02208
0,8
0,6
2
2,5
0,003
0,872664625997
0,7853981634
7,292e-5
6371000
0,01
0,001
0,001
0,001
