120-לל_2ׁ12
־װ-843ֱ
׳ועגונעי
28	1500
79,41
0
2400
1600
78,57
0
2400
1700
78,13
0
2400
1800
77,29
0
2400
1900
76,44
0
2400
2000
75,58
0
2400
2100
75,12
0
2400
2200
74,25
0
2300
2300
73,37
0
2300
2400
72,49
0
2300
2500
72,00
0
2300
2600
71,10
0
2300
2700
70,18
0
2300
2800
69,24
0
2200
2900
68,29
0
2200
3000
67,33
0
2200
3100
66,35
0
2200
3200
65,34
0
2100
3300
64,31
0
2100
3400
63,25
0
2100
3500
62,15
0
2000
3600
61,01
0
2000
3700
59,41
0
1900
3800
58,15
0
1900
3900
56,40
0
1800
4000
54,51
0
1800
4100
52,42
0
1700
4200
49,38
0
1600
0
0
0
0
0
0
226
10
10
10
10
25
1
1
0,120
16,3
0
0
0
0
0
0
288,9
9,81
29,27
0,00028
0,35
750
0
1
0,780
0,02208
0,8
0,6
2
2,5
0,003
0,872664625997
0,7853981634
7,292e-5
6371000
0,01
0,001
0,001
0,001
