120-לל_2ׁ12
־װ-843ֱ
ֿעי
34	1800
79,37
0
2900
1900
79,00
0
2900
2000
78,24
0
2900
2100
77,47
0
2900
2200
77,09
0
2800
2300
76,31
0
2800
2400
75,53
0
2800
2500
75,15
0
2800
2600
74,36
0
2800
2700
73,56
0
2800
2800
73,15
0
2800
2900
72,34
0
2800
3000
71,52
0
2700
3100
71,10
0
2700
3200
70,26
0
2700
3300
69,42
0
2700
3400
68,56
0
2700
3500
68,10
0
2600
3600
67,22
0
2600
3700
66,33
0
2600
3800
65,42
0
2600
3900
64,50
0
2500
4000
63,56
0
2500
4100
62,59
0
2500
4200
61,59
0
2400
4300
60,56
0
2400
4400
59,50
0
2300
4500
58,39
0
2300
4600
57,23
0
2200
4700
55,59
0
2200
4800
54,24
0
2100
4900
52,34
0
2000
5000
50,14
0
1900
5100
46,28
0
1700
0
0
0
0
0
0
252
10
10
10
10
25
1
1
0,120
16,3
0
0
0
0
0
0
288,9
9,81
29,27
0,00028
0,35
750
0
1
0,780
0,02208
0,8
0,6
2
2,5
0,003
0,872664625997
0,7853981634
7,292e-5
6371000
0,01
0,001
0,001
0,001
