120-לל_212
-843
עמנמי
16	900
79,06
0
1400
1000
77,49
0
1400
1100
76,31
0
1400
1200
75,10
0
1400
1300
73,47
0
1400
1400
72,22
0
1400
1500
70,54
0
1300
1600
69,22
0
1300
1700
67,45
0
1300
1800
66,03
0
1200
1900
64,14
0
1200
2000
62,15
0
1200
2100
60,04
0
1100
2200
57,33
0
1000
2300
54,28
0
1000
2400
50,02
0
800
0
0
0
0
0
0
164
10
10
10
10
25
1
1
0,120
16,3
0
0
0
0
0
0
288,9
9,81
29,27
0,00028
0,35
750
0
1
0,780
0,02208
0,8
0,6
2
2,5
0,003
0,872664625997
0,7853981634
7,292e-5
6371000
0,01
0,001
0,001
0,001
