120-לל_2ׁ12
־װ-843ֱ
״וסעמי
39	2100
79,29
0
3500
2200
78,57
0
3500
2300
78,25
0
3500
2400
77,53
0
3500
2500
77,21
0
3400
2600
76,48
0
3400
2700
76,15
0
3400
2800
75,42
0
3400
2900
75,09
0
3400
3000
74,35
0
3400
3100
74,01
0
3300
3200
73,26
0
3300
3300
72,50
0
3300
3400
72,14
0
3300
3500
71,38
0
3300
3600
71,01
0
3200
3700
70,24
0
3200
3800
69,46
0
3200
3900
67,07
0
3200
4000
68,27
0
3200
4100
67,46
0
3100
4200
67,04
0
3100
4300
66,21
0
3100
4400
65,37
0
3000
4500
64,52
0
3000
4600
64,05
0
3000
4700
63,16
0
2900
4800
62,26
0
2900
4900
61,33
0
2900
5000
60,38
0
2800
5100
59,40
0
2800
5200
58,38
0
2700
5300
57,32
0
2700
5400
56,21
0
2600
5500
55,02
0
2500
5600
53,33
0
2400
5700
51,50
0
2400
5800
49,39
0
2200
5900
46,53
0
2000
0
0
0
0
0
0
277
10
10
10
10
25
1
1
0,120
16,3
0
0
0
0
0
0
288,9
9,81
29,27
0,00028
0,35
750
0
1
0,780
0,02208
0,8
0,6
2
2,5
0,003
0,872664625997
0,7853981634
7,292e-5
6371000
0,01
0,001
0,001
0,001
