120-мм_2С12
ОФ-843Б
Дальнобойный
46	2600
79,43
0
4500
2700
79,17
0
4500
2800
78,52
0
4500
2900
78,26
0
4400
3000
78,00
0
4400
3100
77,34
0
4400
3200
77,07
0
4400
3300
76,40
0
4400
3400
76,13
0
4300
3500
75,46
0
4300
3600
75,19
0
4300
3700
74,51
0
4300
3800
74,23
0
4300
3900
73,54
0
4300
4000
73,25
0
4200
4100
72,56
0
4200
4200
72,26
0
4200
4300
71,56
0
4200
4400
71,26
0
4200
4500
70,55
0
4100
4600
70,23
0
4100
4700
69,51
0
4100
4800
69,18
0
4100
4900
68,45
0
4000
5000
68,11
0
4000
5100
67,36
0
4000
5200
67,01
0
4000
5300
66,25
0
3900
5400
65,48
0
3900
5500
65,10
0
3900
5600
64,31
0
3800
5700
63,51
0
3800
5800
69,09
0
3700
5900
62,26
0
3700
6000
61,41
0
3700
6100
60,54
0
3600
6200
60,05
0
3600
6300
59,14
0
3500
6400
59,19
0
3400
6500
58,27
0
3400
6600
57,31
0
3300
6700
56,31
0
3200
6800
55,25
0
3100
6900
54,13
0
3000
7000
52,51
0
2900
7100
51,15
0
2700
0
0
0
0
0
0
325
10
10
10
10
25
1
1
0,120
16,3
0
0
0
0
0
0
288,9
9,81
29,27
0,00028
0,35
750
0
1
0,780
0,02208
0,8
0,6
2
2,5
0,003
0,872664625997
0,7853981634
7,292e-5
6371000
0,01
0,001
0,001
0,001
